15
105
0 1 1 
0 2 2 
0 3 2 
0 4 2 
0 5 1 
0 6 1 
0 7 2 
0 8 4 
0 9 1 
0 10 2 
0 11 2 
0 12 1 
0 13 3 
0 14 3 
1 2 3 
1 3 2 
1 4 2 
1 5 1 
1 6 2 
1 7 3 
1 8 2 
1 9 1 
1 10 1 
1 11 2 
1 12 1 
1 13 2 
1 14 2
2 3 2 
2 4 2 
2 5 2 
2 6 1 
2 7 1 
2 8 1 
2 9 2 
2 10 2 
2 11 2 
2 12 4 
2 13 5 
2 14 1
3 4 2 
3 5 3 
3 6 3 
3 7 2 
3 8 1 
3 9 3 
3 10 3 
3 11 4 
3 12 2 
3 13 3 
3 14 3
4 5 3 
4 6 2 
4 7 2 
4 8 2 
4 9 1 
4 10 2 
4 11 2 
4 12 1 
4 13 1 
4 14 3
5 6 4 
5 7 5 
5 8 2 
5 9 1 
5 10 4 
5 11 4 
5 12 3 
5 13 2 
5 14 2
6 7 4 
6 8 2 
6 9 1 
6 10 2 
6 11 1 
6 12 1 
6 13 2 
6 14 4
7 8 1 
7 9 3 
7 10 4 
7 11 4 
7 12 3 
7 13 1 
7 14 2
8 9 3 
8 10 1 
8 11 1 
8 12 1 
8 13 4 
8 14 2
9 10 1 
9 11 2 
9 12 1 
9 13 3 
9 14 3
10 11 1
10 12 2
10 13 2
10 14 1
11 12 2 
11 13 3 
11 14 4
12 13 3
12 14 2
13 14 2